"date","daily_sales","cumulative_sales"
"03-31-22","94183.0","94183.0"
"04-01-22","767000.0","861183.0"
"04-02-22","804455.0","1665638.0"
"04-03-22","911517.0","2577155.0"
"04-04-22","802266.0","3379421.0"
"04-05-22","860601.0","4240022.0"
"04-06-22","794353.0","5034375.0"
"04-07-22","804152.0","5838527.0"
"04-08-22","907514.0","6746041.0"
"04-09-22","858859.0","7604900.0"
